[poros.jpg]
filters=fill=1,0.168224;CrossProcess=1,63.742691;
moddate=0000f3bafad10000
width=708
height=708
textactive=0
